H1A	   0001      0.15678125100034207            1.3356795667196109E-003      0.14926657166099069            1.0218659197309841E-003      0.46866167630752448            1.6008320098479132E-003      0.15763445242082319            1.6880914250489191E-003      0.14989163825575966            1.2158645614215029E-003      0.46697510543162141            2.7285691234157188E-003       1.2180583128086342E-003       1.8462388754721948E-003       5.8604641134212265E-003       1.0639715921791915E-002
H1A        0016      0.14831701248472892            2.4332701836708884E-003      0.14271284356003119            2.2917139424879053E-003      0.47992094871659757            3.5302117356901504E-003      0.14849121507570412            4.1443593275150275E-003      0.14254658964716657            3.9264095724041732E-003      0.47627503627200535            4.7560477927700660E-003       3.6081840111675811E-003       7.3965546256077319E-003       2.2172043497142635E-002       1.4515717045633370E-002
H1A        0017      0.13794469748635038            5.5047547774283263E-003      0.13286713338950215            5.1227149557764905E-003      0.48080997721976632            4.4324097117358482E-003      0.15041631109288248            2.8204086006830263E-003      0.14415005065132477            2.5179072438306421E-003      0.47607204631103855            4.8948460470134717E-003       3.8399362927268310E-003       7.2543169655042705E-003       2.0298860372682359E-002       1.5879231139088734E-002
H1A        0022      0.15189331664052400            1.9346300297673205E-003      0.14567976823200468            1.4877236335120482E-003      0.47662980959587775            3.4696896089800667E-003      0.15122709703540166            4.2107784578392284E-003      0.14466455361319072            3.6503130058569643E-003      0.47341167307858112            4.5874625303858468E-003       3.4130032121550968E-003       3.8575910963218885E-003       1.3347775212321444E-002       1.5049754422165940E-002
H1A        0023      0.15409351426918955            2.9489577303116591E-003      0.14640414684692177            2.5126025714400811E-003      0.46678861540714706            2.4792823527125690E-003      0.15147056693997155            2.8413191755242389E-003      0.14461912118147907            2.4253250744301433E-003      0.47236587802711943            3.9118046017882690E-003       2.1575400851854276E-003       2.1828088623861985E-003       7.1567456053993617E-003       1.4604512020975680E-002
H1A        0027      0.15295225876329682            1.5071622970699535E-003      0.14562628549750836            1.2643322644828386E-003      0.46992023380005837            2.1697291064249652E-003      0.15722462630506284            1.4161797408052033E-003      0.14959616355789629            1.0425960136981448E-003      0.46811320655860456            2.8865456791391597E-003       1.4780990942278027E-003       1.2631083292180545E-003       1.0702730604283950E-002       7.5977746706241689E-003
H1A        0029      0.14858250505887499            3.0753158577807192E-003      0.14259179269667077            2.8081011223276210E-003      0.47849318671035718            3.4964417021715083E-003      0.15338439710195725            2.1825609539732741E-003      0.14671235098192348            1.6197630538764402E-003      0.47439214282654157            4.7224295196811811E-003       3.1014857057564127E-003       4.6020197992393541E-003       1.3575124927923898E-002       1.6312039444037918E-002
H1A        0037      0.15086200203466693            2.0425183431161450E-003      0.14464502413013616            1.6180698002420165E-003      0.47575371099503810            4.7645044246215308E-003      0.15618475410257099            3.5510307062751115E-003      0.14859083475662804            2.8236658129260953E-003      0.46821228344450611            4.6828348129826104E-003       2.2560151475835566E-003       3.0966060808212958E-003       1.6090511082736736E-002       1.4021262058369732E-002
H1A        0083      0.15298035650335923            4.2001793059931024E-003      0.14648466273790256            2.9404248050376746E-003      0.47531083863697460            5.9474095003696414E-003      0.15162393814788852            3.8251865388501038E-003      0.14544029932961525            2.9064901719732784E-003      0.47639665494400901            5.0893274537417345E-003       3.3115492729952622E-003       3.4287715473858560E-003       1.3823631846753504E-002       1.0878854239352531E-002

	
H1B        0002      0.17103976247323138            7.6876505341892526E-003      0.15871083810956776            5.7639271320453472E-003      0.45099118568084690            5.4279961196174870E-003      0.16985696121590341            6.6084708924565435E-003      0.15882629835984724            4.8019927725866073E-003      0.45620342981901851            5.7621801788711319E-003       3.3467779387439389E-003       3.2347238024880154E-003       1.5307967097756947E-002       1.5656402197094632E-002
H1B        0005      0.16981284650415282            3.8659196488044769E-003      0.15784396023703995            2.7926459027761480E-003      0.45260344016713211            3.4831494676329654E-003      0.17360472210168618            3.1896755963092801E-003      0.16108141475704749            2.3971735865049300E-003      0.45061799200557784            2.5803062466931651E-003       2.6092902049841271E-003       1.9780279732976025E-003       1.5111393105389670E-002       1.0788864037055035E-002
H1B        0008      0.18256241506431956            9.5639223483453967E-003      0.16754491123703302            7.0779373329770915E-003      0.44422855597565880            5.8833077493385833E-003      0.18217723031313632            7.3288119821721953E-003      0.16776618301420718            5.2793833511692945E-003      0.44562132031634988            4.7374165945275552E-003       3.9996207646411097E-003       2.7192748837532310E-003       1.6632586639709235E-002       1.3229488290825930E-002
H1B        0010      0.17507441804160773            6.0789741593228128E-003      0.16256797093699618            4.3969033578726922E-003      0.45153415009587528            5.1576728232120292E-003      0.19140659663177037            9.5160564510398254E-003      0.17368417912840656            6.9769684233214595E-003      0.43822333877132169            5.2396531724779828E-003       3.4095077122259232E-003       6.9136740289906795E-003       1.5800599157708817E-002       1.7795140820726196E-002
H1B        0019      0.17501892264468574            3.4759784401963449E-003      0.16236323807279998            2.5719709109755452E-003      0.45048786658171386            2.7688479888821563E-003      0.18115378304021465            5.0801459841935525E-003      0.16696685855304011            3.6454146164161833E-003      0.44610436542000387            3.5523605169233531E-003       1.7770592603836288E-003       2.4405467836965400E-003       1.1031925694359845E-002       1.4952740289249533E-002
H1B        0021      0.16344982998269142            5.9677415002758446E-003      0.15412275077864893            4.3866047429510962E-003      0.46066301116960323            4.5291019788716649E-003      0.16294733376759662            5.4425991735336538E-003      0.15381157945540655            3.9527087250544254E-003      0.46165880925171415            4.4698242459174798E-003       3.8971782126310250E-003       1.8256032565012736E-003       1.0937933173366332E-002       1.0920698196685397E-002
H1B        0024      0.18173876906727704            5.8136957302080388E-003      0.16728775688891764            4.1800957568100764E-003      0.44604747984786774            4.1595378314821813E-003      0.17126858008827878            2.7638336023517148E-003      0.15981680488746053            1.9660242285444089E-003      0.45468020780358370            2.4297166115952555E-003       3.2141837660243366E-003       2.8557650819779345E-003       1.1942814132229085E-002       1.3267933273864774E-002
H1B        0028      0.16198695402695698            2.7593264293463036E-003      0.15278564275642847            2.0657573336236470E-003      0.46159160589929937            3.3487599268078364E-003      0.16311970054383124            1.9848831487536763E-003      0.15388289276376146            1.4742014369992136E-003      0.46231409084400599            2.2341480904782846E-003       1.8662190729418215E-003       1.5435296322799941E-003       9.6063402382697838E-003       9.1537945269832832E-003
H1B        0032      0.17052338515378918            5.1881691707665149E-003      0.15897775982714832            3.9749812073866285E-003      0.45353638315117129            3.5518037631572979E-003      0.17107557019857736            3.3554721555611811E-003      0.15963024297380571            2.3850155230379314E-003      0.45432116519617549            3.5422003896950112E-003       3.8437664263006877E-003       2.1599272029343419E-003       1.1796008372682465E-002       1.2438806734327734E-002
H1B        0035      0.17845619223594689            4.3085537919179120E-003      0.16504124180453197            3.0443939782751981E-003      0.44819747945355842            3.3510722307384670E-003      0.18155749523404843            6.8545189966668276E-003      0.16718586021032539            5.0278712378685657E-003      0.44585917155215471            3.8022376971061050E-003       2.4312194563690381E-003       3.2816481714634804E-003       1.1610335364093061E-002       1.3123916415014758E-002
H1B        0036      0.18251086910056535            3.3489363391252186E-003      0.16791602852674381            2.4588669472070967E-003      0.44551915321812730            2.4660508845807455E-003      0.18184019980343835            5.5158453684355747E-003      0.16751016072021138            3.9511636825552308E-003      0.44595647913744840            3.9582931374729721E-003       2.3639842871402417E-003       3.1820018829484820E-003       1.3003823638145562E-002       1.2209054546441056E-002
H1B        0039      0.17494480194385303            3.7258269549383083E-003      0.16204580840168706            2.8087986678016559E-003      0.44967234286626556            2.8876306620273799E-003      0.17758370111928010            4.3166016401535003E-003      0.16441082265714876            3.0700132782727329E-003      0.44907281338728106            3.5241636854482466E-003       2.3621400504986179E-003       2.4602842767874611E-003       1.2338844462294052E-002       1.3262422137902075E-002
H1B        0043      0.18265483036393249            3.3307607700524314E-003      0.16765769048098658            2.5165026503485895E-003      0.44420592258907710            2.6505857819941079E-003      0.18465914124843560            2.5642338440483342E-003      0.16950991765650614            1.8326765481940161E-003      0.44497058310916660            2.1347269575501112E-003       2.7273428794991617E-003       2.6106707366208015E-003       1.1533717866255344E-002       1.5313044736773751E-002
H1B        0048      0.17804638437627876            9.1250702570984561E-003      0.16456530761430618            6.6371072764261664E-003      0.44868011110862532            5.0234072797889660E-003      0.18002224608489367            7.4231354696368676E-003      0.16618800633684316            5.3908587330713121E-003      0.44791997197093486            4.4944924926766452E-003       3.3595197133267085E-003       3.1490547665042889E-003       1.6010682800544185E-002       1.6808166949224823E-002
H1B        0049      0.16725472618722631            7.2899602072157739E-003      0.15678465129586680            5.3764936120326463E-003      0.45797272693337804            6.1801572361918607E-003      0.16888379927856995            6.5812575646613854E-003      0.15808837528348849            4.7999654488686616E-003      0.45698934175587902            5.1098044641228781E-003       4.9132429340342787E-003       3.1817917849550348E-003       1.6016170247363792E-002       1.5028743558118673E-002
H1B        0051      0.17483000565062276            4.7251309584158746E-003      0.16213754208942696            3.3976372764869282E-003      0.45038252353743319            3.4112781327396520E-003      0.17100030039689493            4.4145558740965075E-003      0.15966812274876130            3.2000024563110302E-003      0.45505864349522468            4.4206407851416010E-003       2.7192697432042445E-003       2.1053650046557459E-003       1.3566539090998031E-002       1.4233581334679446E-002
H1B        0055      0.18186786193614243            6.4984373005378257E-003      0.16737173554164328            4.7305591091909675E-003      0.44574517696536903            4.5088309226216207E-003      0.17493377420950790            4.2823122697490425E-003      0.16245875392619794            3.1036048945959015E-003      0.45103214723551543            3.4029547758812582E-003       3.0206611547031192E-003       2.7162882679061529E-003       1.3605274781071763E-002       1.2394388387823696E-002
H1B        0058      0.18198653005298571            6.2580361501150070E-003      0.16718728752455539            4.5200686352704312E-003      0.44428211801664852            3.9362484557600831E-003      0.18878679118976105            5.5049710341941432E-003      0.17237441434331127            3.8865529983308209E-003      0.44176407972793924            3.8451539096629496E-003       2.9682407757664064E-003       4.0869386122353024E-003       1.3604340478074128E-002       1.6543996140626849E-002
H1B        0059      0.18969420718980703            6.0177124886362267E-003      0.17273443109197043            4.1762042145449176E-003      0.44033300161483629            4.1395472433404003E-003      0.18140707161267880            3.7578535651686135E-003      0.16713562317432334            2.6849781659583341E-003      0.44677407681705794            2.9498793169341390E-003       3.0250194685366161E-003       2.3454734714496439E-003       1.2928704434398419E-002       1.2028059688821369E-002
H1B        0064      0.18489458151867028            6.1442783854771012E-003      0.16911670474252000            4.5827684241087968E-003      0.44253848173996585            3.4987885074968059E-003      0.18743282250949350            7.4639808010997111E-003      0.17142450391410852            5.4023911431789161E-003      0.44215852124414856            4.9195251022178983E-003       3.4654239781483076E-003       3.4029196957779950E-003       1.6453719196931171E-002       1.5869502669196400E-002
H1B        0069      0.17506626203097964            4.5104268715819070E-003      0.16210420501019743            3.3093538214382895E-003      0.44953315556071649            4.1265063689839331E-003      0.19271446239455997            6.8612932029661743E-003      0.17545466173847601            4.9118143372915476E-003      0.44009948204781568            3.7572370596158614E-003       2.6620919215752936E-003       3.2648575929095092E-003       1.5156511913633430E-002       1.5422300060403238E-002
H1B        0070      0.16843597970628202            5.0946968048779795E-003      0.15621822161492949            4.1761136394042140E-003      0.44984953416630169            3.2221970156479521E-003      0.17371653517717442            4.0877670191537983E-003      0.16157589512606216            3.0087076436703612E-003      0.45216663797410506            3.1094407482930670E-003       3.4346412116862401E-003       2.5705256821514366E-003       1.2305425529326008E-002       1.1783326863987753E-002
H1B        0074      0.18633279468981950            1.5602752501925558E-002      0.17042212650184146            1.1048490635090872E-002      0.44297322551139012            9.7563165663985037E-003      0.18257100203283752            1.5730893350218999E-002      0.16793543153799459            1.1164458606866165E-002      0.44652720393475048            9.1951496381856533E-003       6.5353956049388762E-003       6.9368691740252508E-003       3.1512261759221172E-002       3.3229029732253945E-002
H1B        0077      0.17673602606550814            5.7349980446862060E-003      0.16322101596158653            4.1731399092828471E-003      0.44730423793969298            4.2346059890115773E-003      0.17307326878679979            5.3896887820313504E-003      0.16116041599733158            3.8887888607990022E-003      0.45277121281770427            4.6183724991194523E-003       3.6741130738676686E-003       2.6672371519382843E-003       1.4623830561963036E-002       1.3440725244740825E-002
H1B        0089      0.18645490447799870            4.9134526319441190E-003      0.17078074307680599            3.5897407055646316E-003      0.44314675389833952            2.8541615742803650E-003      0.18328934360946036            3.2027187621124415E-003      0.16847980049348851            2.3530535649745844E-003      0.44471988513151972            2.1780824621603590E-003       2.4186496260731882E-003       2.6480816232693494E-003       1.1621967411286516E-002       1.3137028102198300E-002
	
	
H2A        0004      0.19891160751585887            1.3721461684836966E-002      0.17826173962300992            9.6999436416432133E-003      0.43330976960455070            6.2686763351520614E-003      0.20015155875592924            9.1453576553586179E-003      0.18044739055816425            6.4041919704670575E-003      0.43547187750319089            5.1894976702012161E-003       6.4256796798110027E-003       4.3773498079426876E-003       2.0146832459692288E-002       1.6142978541171971E-002
H2A        0007      0.19208533417916235            1.0174746834918560E-002      0.17348473300999029            7.6211760637189957E-003      0.43660764256603585            4.4461335873504058E-003      0.19178122071048634            6.4325317381909077E-003      0.17453608931385009            4.6147022311564603E-003      0.43905566727236939            3.9189960790383845E-003       4.3271355602055861E-003       3.0140873782871225E-003       1.6423502858652572E-002       1.3751711351124296E-002
H2A        0012      0.20301453320890875            6.1975743850016373E-003      0.18192554384503370            4.4048996980404253E-003      0.43192726419243671            3.2139018787424082E-003      0.20224020346931365            6.1114756740940331E-003      0.18201295618245375            4.2627730542708336E-003      0.43372714460470468            3.3999465251231820E-003       2.7450554258748872E-003       2.6198140468108866E-003       1.2911162167349666E-002       1.3679146751436999E-002
H2A        0015      0.19754884714377977            1.3555897399412906E-002      0.17864164358977447            9.5653360731123727E-003      0.43716036407253173            7.3910474747277194E-003      0.19911434571419689            1.4754130802011701E-002      0.17977124799212518            1.0481110389574329E-002      0.43658656447107624            7.1529790510359284E-003       5.3187311905001922E-003       5.2932328667832929E-003       1.9908966749876633E-002       2.2043419102252493E-002
H2A        0018      0.19610112498323226            7.4929328114191037E-003      0.17753689835011904            5.3012825702843771E-003      0.43725628554426471            4.3267891678623258E-003      0.19249018291714781            5.5032291723752904E-003      0.17513048282625845            3.9600504558908560E-003      0.43879849397139525            3.8085777903312901E-003       3.6517651876942780E-003       2.7326305500245951E-003       1.7347626245812098E-002       1.3872045805092270E-002
H2A        0020      0.21289040057103736            1.1766582358143391E-002      0.18878381863979224            8.1655330965433506E-003      0.42846255857430265            5.0667177550701081E-003      0.21746637073300654            1.1928289243111640E-002      0.19252224151242753            8.1522070335029659E-003      0.42708495849929023            5.2383015073762989E-003       3.4772549753723236E-003       3.4887399221503745E-003       1.4606465411164837E-002       1.2513283941495867E-002
H2A        0030      0.19967135834424435            7.9670904247177918E-003      0.18000152787323109            5.5119011089555872E-003      0.43571907253923409            4.5570258447080337E-003      0.20135919502401620            7.8746687036551251E-003      0.18126177774620342            5.4286849540233746E-003      0.43446752738496924            4.5284333688869541E-003       3.1778917738913837E-003       2.9435094314581578E-003       1.7877508698247002E-002       1.6667474176500274E-002
H2A        0031      0.21148694732409104            1.2120614659525948E-002      0.18753600135959672            8.5109160723341667E-003      0.42850895998204885            5.2963120978742695E-003      0.19133222743756584            1.1587733499409556E-002      0.17406502823077699            8.2386553521642987E-003      0.43960597843827942            6.0652573467145825E-003       3.9532164491060673E-003       3.8322171967520857E-003       1.3993239162507276E-002       1.6887164351344630E-002
H2A        0034      0.20546808611135162            8.2983371430862020E-003      0.18353946189071352            5.8114114358920410E-003      0.43086179517969930            3.7296709082683776E-003      0.19246397099607535            5.1815437727761307E-003      0.17501272013805938            3.6237341704304072E-003      0.43896585517821135            3.2196521963819944E-003       3.4298318101795289E-003       2.6302111908930170E-003       1.3885111323892474E-002       1.5901198248517101E-002
H2A        0038      0.20672368414703324            1.0317488159953748E-002      0.18489416189505942            7.1922770755003000E-003      0.43208450981458868            5.1468773101022870E-003      0.20319637229842752            8.2806517181625069E-003      0.18249072777584691            5.7702132891515141E-003      0.43380095819710235            3.8069701760047245E-003       3.6220688943080503E-003       3.5487948104220290E-003       1.4614199302483311E-002       1.7732662858640502E-002
H2A        0040      0.20878292756351727            9.7911236191012292E-003      0.18389400763876576            7.1783027232293741E-003      0.42648771952589171            3.8508080145019273E-003      0.21494994242521398            7.0168820824538956E-003      0.19086010127030145            4.8001789937496351E-003      0.42791996535789323            3.3694494803884639E-003       3.5932043626227816E-003       3.1059527972434609E-003       1.5058115500480529E-002       1.1417763464782738E-002
H2A        0041      0.19637148747395750            1.2181930870594444E-002      0.17700082697620512            8.6019636419927183E-003      0.43618377016939769            6.5441869944331049E-003      0.19646524964500225            1.1636791942226932E-002      0.17790260869928359            8.3216767942038469E-003      0.43720979743141819            6.8691605538081730E-003       4.2419253628256381E-003       4.2977603767687667E-003       1.7423446679584842E-002       1.6114172898719303E-002
H2A        0042      0.21649688994652649            1.2385539259554353E-002      0.19173271342252729            8.3778794518172758E-003      0.42771713698723746            5.3004543586155708E-003      0.20209825011358670            1.0386564541658896E-002      0.18164676247321487            6.9941168547902142E-003      0.43336080442096730            4.9202571006359509E-003       3.6598599335346815E-003       3.6247450195595610E-003       1.3685677486461323E-002       1.9121047114468492E-002
H2A        0052      0.21892184029864453            6.9755748886024555E-003      0.19303852486990558            4.8253863412572777E-003      0.42568328553920415            2.7048776570072768E-003      0.21003263471259828            5.7938595690224604E-003      0.18747284731479358            4.0168789015780368E-003      0.43015978760491380            3.3527441388315100E-003       2.5250510086574085E-003       2.6297393557326298E-003       1.0691553993432468E-002       1.2103563173076815E-002
H2A        0057      0.20385435427091042            9.5385382570049096E-003      0.18227649393170250            6.8934467861364321E-003      0.43130944689784223            3.0502909980724704E-003      0.19423461452610463            6.2607921199012533E-003      0.17637946326723511            4.3896962567677757E-003      0.43823418731853053            3.6890842060095133E-003       3.4186712042085787E-003       2.5870482720110610E-003       1.4385593378956507E-002       1.5677812992193729E-002
H2A        0060      0.20096271286838310            5.6274663338216659E-003      0.18030348445462646            4.0086368290220996E-003      0.43310361622393190            3.0865585680157495E-003      0.20786305257498253            4.2523893658068792E-003      0.18610807150182818            2.9626524427441335E-003      0.43149903050501620            2.3786189147205674E-003       2.7183976874817217E-003       2.3462704908647769E-003       1.4443629445169748E-002       1.1604635168513511E-002
H2A        0062      0.21290455337628933            1.4249763538364907E-002      0.18916005411991463            9.9226014601042963E-003      0.42947718619220543            5.4890817360205681E-003      0.20630742251337950            1.2638067161676427E-002      0.18463021097783514            8.8187987542421367E-003      0.43229998667400005            6.0202793318813183E-003       4.0120641722918293E-003       3.5148098053098265E-003       1.9758726183110475E-002       1.6534586826125963E-002
H2A        0066      0.20939374079960785            8.8980558947553568E-003      0.18683092249194150            6.1271502678127221E-003      0.43099014459121465            4.4653489495893638E-003      0.19877163385619900            7.4397526213066311E-003      0.17947731462122088            5.2748881046416687E-003      0.43605495689819729            4.2435413959043128E-003       3.2594804785008868E-003       3.1464502891609403E-003       1.3321711672571901E-002       1.4732134015815745E-002
H2A        0067      0.19915192303553386            6.8379631357727089E-003      0.17932699283099493            4.8368388332307175E-003      0.43498000094934064            3.7518849586224367E-003      0.19651722610085989            7.1301474054701278E-003      0.17795661900425697            5.0224790737548259E-003      0.43716287936300802            3.9581788741698360E-003       3.3460728242185045E-003       2.5275934893347340E-003       1.5549538598092827E-002       1.3250021614280794E-002
H2A        0068      0.21424760194003628            7.3004638273024992E-003      0.19019988916332925            4.9251031683022889E-003      0.42780852176294032            3.8667809010409860E-003      0.22033430087194120            6.6950330667914799E-003      0.19456684957050055            4.6397003172398343E-003      0.42680080022998951            2.6833828136416382E-003       3.0422863156456259E-003       2.8022503698017509E-003       1.2069191886342701E-002       1.5049861074345916E-002
H2A        0071      0.21291030155020116            4.7320153024018796E-003      0.18897349222869092            3.3569838735151279E-003      0.42819687290092623            2.5449636627298388E-003      0.21012234545166567            4.4038001119559638E-003      0.18734226364590501            3.0596343119364362E-003      0.42905244892904448            2.5019320893516443E-003       2.0580647767260984E-003       2.5209708526463537E-003       1.0957415141421123E-002       1.5628258590735467E-002
H2A        0073      0.20746343277180110            5.8063978506475520E-003      0.18544482010484437            4.1211292214849964E-003      0.43199621436900931            2.6773073158866015E-003      0.20575224687779176            4.3698440321012933E-003      0.18449682024167019            2.9856103762309896E-003      0.43213345718918250            2.9826413351957078E-003       2.7848679560074086E-003       2.2241125351538660E-003       1.2303475550671905E-002       1.1385984355984036E-002
H2A        0075      0.18890539501843448            5.5735358469108792E-003      0.17245361378543181            3.9377531394699378E-003      0.44162401894960829            3.6273580606943495E-003      0.19362917459748935            5.9590359559197059E-003      0.17588420429289084            4.1911504846917289E-003      0.43925630811652011            3.4841669732540931E-003       2.4625922381547038E-003       2.5919559984221019E-003       1.3025339876505448E-002       1.4716874952140024E-002
H2A        0079      0.20455311912719626            6.3324885495976918E-003      0.18369087076441848            4.4107577971682294E-003      0.43312121069276072            3.5580492455323126E-003      0.20106337887171047            7.8471078458426970E-003      0.18123138581303849            5.5249318086395393E-003      0.43451908890123803            4.9610892094656446E-003       3.9658409580417553E-003       3.2265647401056308E-003       1.6564115502812005E-002       1.5217107294501986E-002
H2A        0080      0.19680648463243811            1.2449041480062255E-002      0.17765132679748646            8.8771445225732382E-003      0.43619199281750343            5.7934906295339685E-003      0.19020732404492718            1.0610235421682834E-002      0.17350797974562920            7.4699484510075036E-003      0.44038398187007560            6.8251512062276979E-003       5.4451548987696219E-003       3.8323105353036402E-003       2.6168101374060448E-002       2.3122574035099763E-002
H2A        0081      0.19604594762156657            7.2051955688895190E-003      0.17717255409106092            5.2246220126457212E-003      0.43645579929857914            3.9070534945346959E-003      0.21335903006391405            8.5708155589483571E-003      0.18983422159875424            5.9249247755504015E-003      0.42912453972266928            3.5847010932712493E-003       3.3406262672037723E-003       3.0230917875693208E-003       1.9957419585652225E-002       1.3622173526197212E-002
H2A        0086      0.19831855171552690            1.1358801657895700E-002      0.17853785676827449            8.1722211117094320E-003      0.43520398128478249            5.4241428029111671E-003      0.19445438711932161            9.0848914983728268E-003      0.17637010589823610            6.5734279125226735E-003      0.43848904678306161            3.9327848065316478E-003       3.7789321422221356E-003       4.0977967065028986E-003       1.5113219693178248E-002       1.7804071072754279E-002
H2A        0087      0.21430978888100760            9.4702879686619657E-003      0.18994507872812502            6.6354965330833442E-003      0.42805271543448675            4.3404987813677300E-003      0.19840221302910252            8.7755725805572452E-003      0.17925041806220299            6.1936646081531370E-003      0.43576552410835889            5.0074658167669232E-003       3.9393413279587008E-003       3.4444509888886810E-003       1.4516265216778734E-002       1.6022309655182365E-002
H2A        0091      0.19575432385980870            6.2296263927860149E-003      0.17625166364274542            4.4461697012774248E-003      0.43422064486123985            3.6455920878738866E-003      0.20229438943509920            8.4395644030907484E-003      0.18198666172744715            5.9105445272682345E-003      0.43424308252250204            4.6024756195613198E-003       2.4726527119759423E-003       3.0980865417161718E-003       1.0393355278528471E-002       1.6432049143187299E-002
H2A        0096      0.22002342187812579            7.5439409372381758E-003      0.19411843722241376            5.0160977115282683E-003      0.42598757890681194            4.3253010806653365E-003      0.21467686041371853            6.2010501393900200E-003      0.19053868624629974            4.2708424847763852E-003      0.42811640489966751            3.1203287432404079E-003       3.7984496406111568E-003       3.2542345627082359E-003       2.0236826277788111E-002       2.1323075423727023E-002
H2A        0100      0.19568086756515604            1.1362554453958239E-002      0.17735207160883187            8.0416235632312771E-003      0.43779480151875555            6.5017701121192779E-003      0.18666491109176356            8.5240095998568906E-003      0.17080127324232600            6.0780327124631255E-003      0.44304807150298309            5.5093677698623937E-003       3.6904847541453512E-003       3.6399808315294990E-003       1.7774039937877628E-002       1.7271404197597207E-002
  



H2B        0006      0.23368536301533865            1.4880443118737225E-002      0.20319955385746372            9.5482152951667423E-003      0.42053051448689499            6.6068214565719848E-003      0.23139620757241397            1.0179510496152700E-002      0.20181932433056343            6.7318303953802375E-003      0.42113727587919508            4.9662468317923942E-003       4.7217259302012593E-003       3.1319753629048819E-003       2.8966559184198992E-002       1.9921183741912873E-002
H2B        0009      0.24710362554161772            9.2204826128293952E-003      0.21227175330343087            6.0008184845625244E-003      0.41716594691772441            3.0920881053721912E-003      0.25468453235963562            1.1124589213707901E-002      0.21718391862955155            7.0449371911244073E-003      0.41448517386878447            3.7805657220019032E-003       2.9174809014043124E-003       2.9642289427929125E-003       9.8018924818337183E-003       1.8141331557054663E-002
H2B        0013      0.23789124469603051            5.8673372851111589E-003      0.20620793811051907            3.9229424290928077E-003      0.41969307464258165            2.6780390294948737E-003      0.23644190092462922            6.9709545659349687E-003      0.20557687511694106            4.7913222510643470E-003      0.42029376146661640            2.6515719516030747E-003       2.5746034735922851E-003       2.9294582664323165E-003       1.1899107151727151E-002       1.2070249421597179E-002
H2B        0025      0.24440680371416981            1.1454262360629788E-002      0.21024095361460327            7.5671232722128385E-003      0.41720177427835253            3.1916236694332295E-003      0.23886163788314435            9.7026656403880109E-003      0.20666152011268565            6.4139608678064741E-003      0.41782288474330243            3.5470024760391474E-003       3.8971707771611186E-003       3.3952036191797763E-003       9.9060993535560193E-003       1.8786500938050565E-002
H2B        0033      0.23792252226543947            9.8431288808339540E-003      0.20563835930523630            6.4373753609669607E-003      0.41932616415437807            3.5375912650683627E-003      0.21562681346483192            8.1528987906492583E-003      0.19102226612714779            5.4574119575418745E-003      0.42771655083014737            3.8336451317866967E-003       2.8861094397114595E-003       2.8169115700740210E-003       1.1595080700542937E-002       1.3929182835094700E-002
H2B        0045      0.24432276644560680            9.2724613930696073E-003      0.21005186334796078            6.2264602750431641E-003      0.41725158907583987            3.0027375344026364E-003      0.25029002566237235            7.9729864537864837E-003      0.21452615194809024            5.2341596338185007E-003      0.41639633262881359            2.4924551914901308E-003       2.7547646419250338E-003       2.6623114174364471E-003       1.1639848953604481E-002       1.1803372923145261E-002
H2B        0050      0.22853251318163956            5.1808028529317209E-003      0.20017594209909137            3.4497825127214527E-003      0.42326165974863067            3.0670560968904018E-003      0.22064028280709672            8.0886582616535776E-003      0.19456527553327629            5.5066640909463491E-003      0.42529496150349771            3.8112621483666655E-003       2.7433375013612427E-003       2.8451419579140769E-003       1.1548452777459417E-002       1.0897651444477408E-002
H2B        0063      0.23244613296411903            7.0731785880634194E-003      0.20272598434102460            4.7807538792260778E-003      0.42139523613829949            2.4798040836435083E-003      0.22265192054350813            8.3769787992973455E-003      0.19611042593086758            5.7586389441052332E-003      0.42488916735309884            2.9871955444532952E-003       2.4726666513303908E-003       2.8222156504689178E-003       7.9213858748041766E-003       9.8088742286424058E-003
H2B        0065      0.22291966093149296            1.0314999976465457E-002      0.19589570474678106            6.8096317069905399E-003      0.42386501304207802            4.6421078698044016E-003      0.22213594868898967            1.1088390165487801E-002      0.19563063055098415            7.5187869802969967E-003      0.42512940004104438            4.0880937555613697E-003       3.7138834372953955E-003       3.5882958303334878E-003       1.4306366666358095E-002       1.4024254518899326E-002
H2B        0076      0.24214935382332584            1.1568819103400399E-002      0.20818473030643792            7.6092985622022236E-003      0.41797173519148650            3.5869438894287572E-003      0.22766342988331328            1.1032007736461643E-002      0.19922343334587442            7.4659268253640066E-003      0.42270527372684169            4.1217848297259076E-003       3.5930801891310704E-003       3.0052020339763619E-003       1.0100503647782144E-002       1.0307809636276755E-002
H2B        0078      0.24368820646409731            8.0921017283242386E-003      0.20999956979334711            5.3675886165320524E-003      0.41700862190719279            3.1710968209829231E-003      0.23976716827388792            6.6895230766887866E-003      0.20748426118275934            4.4368486731822835E-003      0.41828529109161217            3.2017875613484736E-003       2.3545924505539162E-003       2.9323135392542721E-003       9.7958393091257534E-003       1.4783213933970529E-002
H2B        0082      0.24655756588420719            8.3577453922209222E-003      0.21115085850306831            5.5008279309982150E-003      0.41616820161892726            2.6781852331430327E-003      0.25870402308796098            9.2541967979554909E-003      0.21952252043540971            6.0327006507228127E-003      0.41244237540867623            2.7901290208924836E-003       2.5386998830936314E-003       2.3839447352314025E-003       1.2581165114997628E-002       1.3294845607028982E-002
H2B        0084      0.22235536172894779            1.3454664532800052E-002      0.19540466358335895            9.3044743680312323E-003      0.42468071749895658            5.2011367553033263E-003      0.22160706623884285            9.3341404639548289E-003      0.19534574975243107            6.3089042527231564E-003      0.42531261957027394            3.6189578283795047E-003       4.6345945660049015E-003       3.0187813885449444E-003       1.6692309444890974E-002       1.4072906472753832E-002
H2B        0085      0.22581204193501755            6.3738653114126615E-003      0.19756236913940811            4.3943290612087713E-003      0.42329663928614414            2.5166588856385444E-003      0.21968838324670062            5.9718518013875416E-003      0.19393661248667779            3.9848129826201518E-003      0.42554441829509543            3.0879682262521940E-003       2.8707956384850242E-003       2.3057357616369512E-003       1.5335532730540002E-002       1.1863068899087281E-002
H2B        0088      0.23157202543688626            1.3876612835413093E-002      0.20187027297440011            9.3747459195306221E-003      0.42202189091048226            4.9600486377447562E-003      0.22588647319724051            1.2208918035711855E-002      0.19814904761059116            8.3206953806136980E-003      0.42351571641488195            4.6740272198691818E-003       3.9808929057389975E-003       3.3771111952980437E-003       1.3133462504514526E-002       1.5723273936788296E-002
H2B        0092      0.22259310123285708            7.6235792268556143E-003      0.19494706582298041            5.0648482157688085E-003      0.42373174485486897            3.4749675891273721E-003      0.22195292399362376            8.2659793759216685E-003      0.19545590926451242            5.5946848957725906E-003      0.42488270241114889            3.5877630017266326E-003       2.8147501753286175E-003       3.0695090407177883E-003       1.3741885130474252E-002       1.5552578184368837E-002
H2B        0094      0.23998183012244759            3.0207111633770416E-002      0.20681580181814746            1.7077826861359308E-002      0.41854835912262162            9.9432949762133516E-003      0.23497324425957644            2.3940638131937416E-002      0.20370211706210800            1.3775724061393066E-002      0.42008881699095285            8.1992321511459923E-003       8.5685569276396922E-003       7.1736218951070629E-003       4.3427393128535829E-002       3.5336277411618600E-002
H2B        0095      0.23274797665276487            1.1119665932675511E-002      0.20204151871811171            7.4308150833864084E-003      0.41972719856279622            4.2134067684414470E-003      0.22075114079568234            6.7150114804106226E-003      0.19446223959763376            4.5568074614343989E-003      0.42432628990398208            2.8699073532724799E-003       3.1428126612473850E-003       2.7481969092042480E-003       1.5963594852959062E-002       1.4045062569083999E-002
H2B        0097      0.24676950439788975            2.1280083146495592E-002      0.21103276535235216            1.3939901721136320E-002      0.41649935978957581            5.7945270888833268E-003      0.24737881088388872            2.0498174070232144E-002      0.21229483131347684            1.3318393852416344E-002      0.41703492882179433            5.4537990504722076E-003       5.0630569044052276E-003       5.2180022266012926E-003       2.4217071376164245E-002       2.0899544037627837E-002
H2B        0099      0.24115760525161373            1.1694162594685302E-002      0.20839574636377856            7.6064983389495704E-003      0.41808660340149445            4.9135498272185460E-003      0.24060251815119585            1.2223556319236996E-002      0.20791692441421644            8.0724445795982390E-003      0.41834798173520282            4.5413612070011756E-003       3.8131432391310671E-003       3.4758335604079260E-003       2.0823024089005049E-002       1.7934384530857717E-002


H3A	   0003      0.25990076338135987            1.3572194915903210E-002      0.21947010513107426            8.7785578476704366E-003      0.41418214387692065            3.3324549947240118E-003      0.25309444272409681            1.2214507535173457E-002      0.21620809497021365            7.9004132849663580E-003      0.41493118571826426            2.7148462319504813E-003       3.1811448943475096E-003       3.4498471729700331E-003       1.4953832838350500E-002       1.3515172260849972E-002
H3A        0011      0.28014384464242004            1.4236980041945129E-002      0.23251566790319672            8.8313596093859501E-003      0.40759967062620611            2.5009664099895279E-003      0.26792054277822569            1.4480036202940487E-002      0.22528028100700204            8.9377479933947304E-003      0.41067787041077208            3.1346590143088121E-003       3.5374407624912951E-003       3.6551382613376759E-003       1.7881232033773564E-002       1.9747609347676054E-002
H3A        0014      0.26805258515956593            1.5560914960499378E-002      0.22486777992918022            9.3290993649483758E-003      0.41136660929971425            2.9721027098397633E-003      0.24780889626288760            1.3585407893430946E-002      0.21238981671529433            8.5040148728468927E-003      0.41516399262316367            4.0584737057635465E-003       3.5963587339067349E-003       3.6964734163931201E-003       1.9948337838489039E-002       1.8578495513284832E-002
H3A        0026      0.30318515576242960            9.1558855100750854E-003      0.24679983428279428            5.4790824837122566E-003      0.40659707771846543            2.0631736847918848E-003      0.27141794218875859            7.0575125536548244E-003      0.22739947585531770            4.2424380203540156E-003      0.40950624876638642            2.3359820445993038E-003       2.7504982835564462E-003       2.8514675487738561E-003       1.4999168852189548E-002       2.5364970922181040E-002
H3A        0047      0.26512678019421793            1.9978169281611016E-002      0.22322113038334565            1.2166037604947132E-002      0.41144332782060061            3.6000939442015893E-003      0.27694050537442222            2.1035474656860367E-002      0.23111767414468670            1.2599128589224200E-002      0.40976735345632598            4.4376621760124167E-003       4.2605652349334555E-003       4.7598619646833651E-003       1.7597979229103000E-002       1.9452005995169941E-002
H3A        0053      0.28324007855836120            1.9189082203639917E-002      0.23424779881767402            1.1950973776082171E-002      0.40769094902512437            3.7197733269668364E-003      0.29634605665021241            1.9956850286850125E-002      0.24283256530235087            1.2134467253795125E-002      0.40542423541877581            3.0939954942239552E-003       5.0007957710747064E-003       4.6525638576044859E-003       2.2832099137803041E-002       2.2113241290622199E-002
H3A        0054      0.26976944555512217            1.2014314232974044E-002      0.22587710514112036            7.7596521659332686E-003      0.41107564565460336            3.1240356465377845E-003      0.25541551197231011            1.1457274642439340E-002      0.21709633684760149            7.3090305881746255E-003      0.41307279023679089            2.5598018131930394E-003       3.7179798263382580E-003       3.3797928849903514E-003       1.5075602230285146E-002       1.6894709619969639E-002
H3A        0056      0.29299518793550433            1.1132872418739155E-002      0.24050161785635812            6.8327775026756354E-003      0.40562666252792534            2.7184378706163817E-003      0.27810909143962798            1.1311883311587107E-002      0.23165508931479004            6.8648295031105344E-003      0.40867174141689311            2.8942691315974587E-003       3.2908295299378665E-003       3.0653917266243447E-003       2.0817381948063485E-002       1.5584999478774009E-002
H3A        0061      0.28345774197784368            1.5215314965206552E-002      0.23504359756350859            9.4438720527147014E-003      0.40909066604980793            3.5797742121709570E-003      0.26003018032985536            1.7638591660586438E-002      0.22042206394845934            1.1158200871577536E-002      0.41357576995372936            3.9459098570680459E-003       4.1031179251169725E-003       4.2443925386188575E-003       1.6140433798810694E-002       1.6889468043135292E-002
H3A        0072      0.29096413148059713            1.6947438715999286E-002      0.23973810367950804            1.0173863180131505E-002      0.40939483264157744            2.6308860573334559E-003      0.27901315230175222            1.6251788805381071E-002      0.23233682274643674            9.7269510895126570E-003      0.40880725226410758            4.1624665206942777E-003       3.7874175510881347E-003       4.6124033672048093E-003       9.0887665235728221E-003       2.5649626170427542E-002
H3A        0090      0.27231150996625003            7.9703414601101068E-003      0.22846635515178915            5.0189532598197365E-003      0.41137497187533489            2.7853541795065293E-003      0.27438408293771505            9.5584988505660190E-003      0.23033650039934772            6.0329167626316359E-003      0.41196345474693857            2.6264788754624341E-003       2.7294752428297375E-003       2.6265275813326383E-003       1.2417766968662924E-002       8.4709032319891797E-003
H3A        0093      0.28570652487969089            1.0850670634784463E-002      0.23670118534501658            6.8097679278937935E-003      0.40742185389367258            2.5151939471805846E-003      0.27685911627354431            9.7105766462222513E-003      0.23127854848763668            6.1519428558283237E-003      0.40925985107045304            2.6403552159959829E-003       3.1457038992721564E-003       2.7320786928242136E-003       1.9745853118616097E-002       1.2083820186434835E-002
H3A        0098      0.27068566827082696            1.0115965346757332E-002      0.22683832201827855            6.3856881791016498E-003      0.41061083122826397            3.1783348592311451E-003      0.26643389232156911            1.2374505025134845E-002      0.22429467225670421            7.6910686654316652E-003      0.41049115986135332            3.3693927439484217E-003       3.0618685118042333E-003       3.1822110164083650E-003       1.3210561407322796E-002       1.6994352585324890E-002 
	

H3B        0044      0.30648507484798360            1.3039951359319674E-002      0.24850964417298091            7.6228931271503132E-003      0.40445012111786532            2.3646765600290713E-003      0.32505497992613785            1.3316830017045186E-002      0.26003442334840526            7.5610228266615983E-003      0.40370433802802452            2.3028504404481748E-003       3.3189243559514914E-003       2.6283384630620965E-003       1.9707190952487519E-002       8.6988460269159518E-003
H3B        0046      0.34801914535882245            2.8152108555753258E-002      0.27200069490668782            1.5622587269143690E-002      0.40188895297109212            4.6938655228042922E-003      0.32703140997403862            2.6260611887441328E-002      0.25991708456076362            1.4826400839664676E-002      0.40075050444807120            5.2336277789796007E-003       7.9521425821424963E-003       6.7790588900069615E-003       5.2852163225182380E-002       4.7207754533354684E-002


